$ 1 0.000005 10.20027730826997 57 5 50
a 288 192 432 192 8 15 -15 1000000 2.4725654500021705 2.4725654500021705 100000
w 288 112 288 176 0
w 432 192 432 112 0
r 288 112 432 112 0 1000
r 192 112 288 112 0 1000
r 288 208 288 256 0 1000
g 288 256 288 304 0
r 288 208 192 208 0 1000
R 192 112 128 112 0 1 60 5 0 0 0.5
O 432 192 496 192 0 0
R 192 208 96 208 0 1 60 5 0 0 0.5
p 192 208 192 256 0 0 0
g 192 256 192 304 0
o 8 64 0 4098 7 0.025 0 2 8 3
o 11 64 0 4098 7 0.00009765625 0 1
o 9 64 0 4098 0.0000762939453125 0.0000244140625 1 1
