$ 1 0.000005 16.817414165184545 57 5 50
g 96 224 96 272 0
w 336 112 336 160 0
w 192 80 192 112 0
w 192 112 192 144 0
w 192 176 192 224 0
a 192 160 336 160 8 100 -100 1000000 -0.00006595520446196537 0 100000
c 192 112 336 112 0 1e-7 -6.5955864014009995
O 336 160 400 160 0 0
v 96 224 96 80 0 2 50 2 0 1.5707963267948966 0.5
p 128 224 128 80 0 0 0
w 96 224 128 224 0
w 128 224 192 224 0
w 96 80 128 80 0
r 128 80 192 80 0 10000
o 9 32 0 4098 2.5 0.00009765625 0 1 input
o 7 32 0 4098 22 0.00009765625 1 1 integral
