$ 1 0.000005 16.13108636308289 57 5 50
a 288 208 432 208 8 15 -15 1000000 0.000040231922365743226 0 100000
w 288 128 288 192 0
w 432 208 432 128 0
r 288 128 432 128 0 1000
w 288 224 288 272 0
g 288 272 288 304 0
w 288 192 240 192 0
w 240 192 240 160 0
w 240 192 240 224 0
r 240 160 176 160 0 1000
r 176 224 240 224 0 1000
R 176 160 128 160 0 1 60 5 0 0 0.5
R 176 224 128 224 0 1 60 5 0 0 0.5
O 432 208 496 208 0 0
o 11 64 0 4098 5 0.025 0 2 11 3
o 12 64 0 4098 5 0.0125 0 2 12 3
o 13 64 0 4098 10 0.00009765625 1 1
